# synapse type	synapse ID	soma distance	section ID	section pt ID	dendrite label	activation times
L1D1	3	311.163951538	24	42	ApicalDendrite	210.271534176,
L1D1_ongoing	20	354.587962475	24	64	ApicalDendrite	245.786077999,
L1D1_ongoing	27	180.628272177	58	25	Dendrite	86.3870580902,
L1D1_ongoing	41	293.430417292	85	2	Dendrite	192.802814337,
L1D1_ongoing	42	279.629535611	84	97	Dendrite	175.818098464,
L1D2_ongoing	16	371.430676504	23	71	ApicalDendrite	53.0926172853,
L1D2_ongoing	20	32.0547888707	62	5	Dendrite	172.802971659,
L1D2_ongoing	26	170.677256053	44	44	ApicalDendrite	28.4861404628,
L1D2_ongoing	38	159.959668842	92	39	Dendrite	39.4643983909,
L1D2_ongoing	40	95.534833957	117	34	Dendrite	218.832464167,
L1D2_ongoing	71	179.999738836	14	106	ApicalDendrite	105.820842101,
L1D2_ongoing	79	121.754481153	57	5	Dendrite	204.658182304,
L1D2_ongoing	81	115.859227393	110	22	Dendrite	60.9446321312,
L1D2_ongoing	89	156.100369627	110	45	Dendrite	156.398229511,
L1D2_ongoing	118	85.9945789279	88	16	Dendrite	86.7125771616,
L1D2_ongoing	122	120.002974553	127	28	Dendrite	146.10920944,
L1D2_ongoing	129	266.564409171	94	45	Dendrite	166.838405476,
L1D2_ongoing	133	269.779894602	94	47	Dendrite	74.4753642622,
L1D2_ongoing	137	279.184780698	94	50	Dendrite	117.80568474,
L1D2_ongoing	153	165.419770396	45	45	ApicalDendrite	25.5899014086,
L1D2_ongoing	154	167.518034835	45	46	ApicalDendrite	155.679453354,
L1D2_ongoing	159	305.281110126	24	39	ApicalDendrite	151.982621863,
L1D2_ongoing	163	325.070370528	24	47	ApicalDendrite	225.528785587,
L1D2_ongoing	168	201.856755112	58	31	Dendrite	203.117192132,
L1D2_ongoing	169	194.590813376	58	28	Dendrite	4.76503780949,
L1D2_ongoing	185	98.4398256972	92	17	Dendrite	20.5885642865,
L1D2_ongoing	190	97.1485188528	129	28	Dendrite	101.92070298,
L1D2_ongoing	210	210.068479726	94	13	Dendrite	93.4087569481,
L1D2_ongoing	212	242.667676584	94	33	Dendrite	227.126214446,
L1D2_ongoing	214	244.306237009	94	34	Dendrite	42.9745632712,
L1D2_ongoing	222	219.817411716	94	19	Dendrite	137.422895912,
L1D2_ongoing	223	202.89225128	94	9	Dendrite	133.915056227,
L1D2_ongoing	252	125.621917375	74	37	Dendrite	172.774862084,
L1D2_ongoing	257	152.512242597	58	17	Dendrite	193.541083332,
L1D2_ongoing	260	161.529957115	58	20	Dendrite	95.5902945504,
L1D2_ongoing	270	85.0957843204	99	10	Dendrite	235.735888074,
L1D2_ongoing	272	111.960575355	110	20	Dendrite	196.695674243,
L1D2_ongoing	274	82.9057266918	99	9	Dendrite	83.4246662945,
L1D2_ongoing	281	199.741718316	77	62	Dendrite	146.112060518,
L1D2_ongoing	293	147.824915015	77	42	Dendrite	247.224995498,
L1D2_ongoing	302	103.703044796	14	49	ApicalDendrite	0.823850974721,
L2D1	201	121.081291075	121	34	Dendrite	283.541747046,
L2D1	260	369.634483309	29	95	ApicalDendrite	214.545801605,
L2D1	261	374.532628069	29	96	ApicalDendrite	283.541747046,
L2D1_ongoing	178	300.534702993	36	49	ApicalDendrite	186.742493997,
L2D1_ongoing	214	116.437760137	51	31	Dendrite	241.784652875,
L2D2	22	110.781053407	7	44	ApicalDendrite	249.526831295,
L2D2	49	120.577895209	81	43	Dendrite	291.589956441,
L2D2	86	33.6535918248	126	4	Dendrite	247.45334285,
L2D2	108	71.1686235906	103	24	Dendrite	243.578695548,
L2D2	149	90.7169253033	105	34	Dendrite	267.120984073,
L2D2	150	54.9440557379	105	13	Dendrite	279.792959632,
L2D2	192	48.9834314532	105	9	Dendrite	292.957197116,
L2D2	197	57.8097358112	104	11	Dendrite	234.90764151,
L2D2	199	72.9367421138	104	19	Dendrite	224.820938855,
L2D2	261	123.760716653	124	42	Dendrite	241.306453291,
L2D2	262	121.642083689	124	41	Dendrite	262.518775028,
L2D2	339	128.720445538	110	29	Dendrite	249.437792744,
L2D2	387	61.8871734119	78	5	Dendrite	240.182297505,
L2D2	413	58.857420512	55	41	Dendrite	223.693475576,
L2D2	414	35.4017707958	43	1	ApicalDendrite	253.789159525,
L2D2	418	173.618721896	72	29	Dendrite	290.553432081,
L2D2	442	98.9516359239	45	20	ApicalDendrite	229.576561813,
L2D2	443	135.3198416	14	89	ApicalDendrite	230.332244273,
L2D2	448	161.476003526	88	52	Dendrite	292.345201684,
L2D2	468	117.640921262	45	27	ApicalDendrite	285.54153889,
L2D2	473	97.9149211369	14	45	ApicalDendrite	218.601151293,
L2D2	486	139.705096284	88	40	Dendrite	266.455120332,
L2D2	489	156.560670001	14	99	ApicalDendrite	291.348620622,
L2D2	495	122.923465115	14	70	ApicalDendrite	213.816335238,
L2D2	509	95.3024630744	45	19	ApicalDendrite	272.744096581,
L2D2	570	95.7160188563	56	29	Dendrite	299.024867387,
L2D2	588	116.783504483	59	30	Dendrite	214.925687206,
L2D2	593	121.754481153	57	5	Dendrite	270.989717848,
L2D2	613	123.367166937	131	34	Dendrite	275.979697283,
L2D2	635	110.589211097	131	29	Dendrite	271.67082167,
L2D2	644	107.954630743	131	28	Dendrite	276.745978837,
L2D2	647	132.361233329	104	46	Dendrite	283.447579598,
L2D2	663	109.609853343	50	31	Dendrite	293.093843454,
L2D2	677	81.2110870316	103	29	Dendrite	276.671339794,
L2D2	716	72.384584054	5	3	ApicalDendrite	233.194693902,
L2D2	731	73.1466258398	128	15	Dendrite	211.353704518,
L2D2	734	71.2818161587	124	21	Dendrite	299.119844845,
L2D2	772	59.1134844648	3	16	ApicalDendrite	271.808755454,
L2D2	812	122.030760378	4	20	ApicalDendrite	255.119316411,
L2D2	832	68.1900330848	131	9	Dendrite	243.578695548,
L2D2	855	67.2628766386	124	19	Dendrite	223.693475576,
L2D2	865	58.139451952	127	6	Dendrite	299.119844845,
L2D2	887	51.0690362152	128	4	Dendrite	271.67082167,
L2D2	919	52.7675566693	7	15	ApicalDendrite	233.194693902,
L2D2	942	54.5543499803	7	16	ApicalDendrite	276.671339794,
L2D2	991	127.293674246	22	9	ApicalDendrite	274.512724864,
L2D2	1028	107.144912898	87	14	Dendrite	283.447579598,
L2D2	1114	134.088698066	60	49	Dendrite	283.447579598,
L2D2	1117	315.437104969	85	9	Dendrite	240.182297505,
L2D2	1140	54.6256075329	47	14	Dendrite	224.820938855,
L2D2	1158	104.481648452	98	18	Dendrite	229.576561813,
L2D2	1208	74.4824874948	53	16	Dendrite	229.576561813,
L2D2	1258	227.678064227	24	0	ApicalDendrite	276.745978837,
L2D2	1356	96.4013361463	111	12	Dendrite	211.353704518,
L2D2	1368	87.4178379072	110	9	Dendrite	218.601151293,
L2D2	1420	100.780039181	105	39	Dendrite	224.820938855,
L2D2	1421	109.506883703	105	40	Dendrite	271.808755454,
L2D2	1503	109.417316404	77	27	Dendrite	292.345201684,
L2D2	1510	85.3072305541	59	22	Dendrite	230.332244273,
L2D2	1523	97.0080330061	44	21	ApicalDendrite	274.512724864,
L2D2	1538	177.318939242	45	49	ApicalDendrite	271.67082167,
L2D2	1602	197.696106367	32	21	ApicalDendrite	266.455120332,
L2D2	1614	209.644024925	32	29	ApicalDendrite	271.808755454,
L2D2	1623	173.442578295	32	4	ApicalDendrite	293.093843454,
L2D2	1638	330.089806331	85	14	Dendrite	240.182297505,
L2D2	1643	368.475949624	37	18	ApicalDendrite	243.578695548,
L2D2	1644	363.072708605	38	11	ApicalDendrite	241.306453291,
L2D2	1646	397.890099222	37	34	ApicalDendrite	267.120984073,
L2D2	1651	56.7772979529	123	10	Dendrite	233.194693902,
L2D2	1698	95.7952989955	124	33	Dendrite	241.306453291,
L2D2	1704	96.6600626804	131	23	Dendrite	279.792959632,
L2D2	1750	112.793921454	127	26	Dendrite	274.512724864,
L2D2	1811	88.4578442066	124	30	Dendrite	291.348620622,
L2D2	1836	62.7181896501	14	7	ApicalDendrite	267.120984073,
L2D2	1856	79.8417152631	84	1	Dendrite	285.54153889,
L2D2	1874	89.2981104079	87	5	Dendrite	275.979697283,
L2D2	1906	81.4671808469	14	28	ApicalDendrite	299.119844845,
L2D2	1922	101.517938936	13	22	ApicalDendrite	272.744096581,
L2D2	1936	57.6113901213	14	2	ApicalDendrite	266.455120332,
L2D2	1962	109.106147195	113	26	Dendrite	276.671339794,
L2D2	1965	102.96669358	114	17	Dendrite	279.792959632,
L2D2	1976	59.9938127634	50	10	Dendrite	292.345201684,
L2D2	2019	88.8958956136	91	14	Dendrite	243.578695548,
L2D2	2056	28.7418006875	106	4	Dendrite	218.601151293,
L2D2	2065	47.4679328524	109	2	Dendrite	270.989717848,
L2D2	2225	243.315629315	32	47	ApicalDendrite	240.182297505,
L2D2	2266	107.180459237	69	20	Dendrite	247.45334285,
L2D2	2268	133.070515818	117	59	Dendrite	293.093843454,
L2D2	2270	159.792378736	68	34	Dendrite	223.693475576,
L2D2_ongoing	78	27.9659318918	102	0	Dendrite	41.8294840293,
L2D2_ongoing	97	74.5077382496	129	20	Dendrite	63.6219368479,
L2D2_ongoing	303	59.956053519	132	3	Dendrite	57.3790646497,
L2D2_ongoing	342	130.685181724	111	28	Dendrite	224.83253807,
L2D2_ongoing	443	135.3198416	14	89	ApicalDendrite	175.122685838,
L2D2_ongoing	485	128.833967649	14	79	ApicalDendrite	11.5282228543,
L2D2_ongoing	569	105.212330227	57	0	Dendrite	114.645961404,
L2D2_ongoing	707	104.885708725	4	14	ApicalDendrite	193.503504226,
L2D2_ongoing	711	36.6729929252	126	6	Dendrite	63.4803898487,
L2D2_ongoing	811	48.4409484579	123	7	Dendrite	95.0776107591,
L2D2_ongoing	895	71.2597517429	127	12	Dendrite	184.094258904,
L2D2_ongoing	1010	100.910043961	20	1	ApicalDendrite	247.478179982,
L2D2_ongoing	1182	82.9022909103	9	20	ApicalDendrite	10.52532544,
L2D2_ongoing	1232	145.919986434	71	16	Dendrite	54.9094853976,
L2D2_ongoing	1314	113.763790607	51	30	Dendrite	220.122866126,
L2D2_ongoing	1396	80.0252173756	123	20	Dendrite	115.785509521,
L2D2_ongoing	1413	121.241080518	104	41	Dendrite	227.982511371,
L2D2_ongoing	1566	161.238014849	28	3	ApicalDendrite	15.3031641514,
L2D2_ongoing	1598	149.101395451	22	20	ApicalDendrite	71.0812797682,
L2D2_ongoing	1686	84.0917231589	124	29	Dendrite	80.9399053496,
L2D2_ongoing	1739	97.8528352107	5	12	ApicalDendrite	90.1538431273,
L2D2_ongoing	1767	98.4805864368	131	24	Dendrite	186.036775889,
L2D2_ongoing	1874	89.2981104079	87	5	Dendrite	219.888419736,
L2D2_ongoing	1879	80.7925349453	81	22	Dendrite	190.209397358,
L2D2_ongoing	1962	109.106147195	113	26	Dendrite	239.175881684,
L2D2_ongoing	2007	60.8324517017	117	17	Dendrite	239.283474626,
L2D2_ongoing	2010	75.6127251767	113	9	Dendrite	217.129736515,
L2D2_ongoing	2033	82.2119591908	69	7	Dendrite	72.9863659414,
L2D2_ongoing	2083	77.4568871665	113	10	Dendrite	184.382537118,
L3D1	5	154.83998379	99	40	Dendrite	233.723840716,
L3D1	23	193.964021177	22	45	ApicalDendrite	214.063717367,
L3D1	28	171.299135845	22	32	ApicalDendrite	237.790823831,
L3D1	38	331.082031073	29	81	ApicalDendrite	229.692729118,
L3D1	43	339.864680751	29	85	ApicalDendrite	211.90440932,
L3D1	48	122.462208509	18	16	ApicalDendrite	213.131418973,
L3D1	53	138.360366387	18	23	ApicalDendrite	213.789697608,
L3D1	66	251.476559299	23	13	ApicalDendrite	222.286450617,
L3D1	73	159.231313923	4	35	ApicalDendrite	213.339245588,
L3D1	75	165.031714556	4	38	ApicalDendrite	218.971197845,
L3D1	78	332.53760283	24	50	ApicalDendrite	220.042403217,
L3D1	88	99.2885780881	51	24	Dendrite	213.212872077,
L3D1	114	150.63886329	14	97	ApicalDendrite	211.258439377,
L3D1	117	128.313307969	88	35	Dendrite	281.330101538,
L3D1	128	170.79471121	20	31	ApicalDendrite	211.90440932,
L3D1	141	130.664821487	131	38	Dendrite	213.212872077,
L3D1	155	84.9087100919	53	22	Dendrite	211.258439377,
L3D1	170	374.532628069	29	96	ApicalDendrite	281.330101538,
L3D1	179	369.634483309	29	95	ApicalDendrite	213.212872077,
L3D1_ongoing	9	113.763790607	51	30	Dendrite	31.0416080048,
L3D1_ongoing	115	158.768194917	88	49	Dendrite	31.7272645238,
L3D2	11	149.022575283	41	23	ApicalDendrite	255.803469888,
L3D2	30	56.3990786376	14	0	ApicalDendrite	235.465013084,
L3D2	43	63.5150333699	103	18	Dendrite	285.525366237,
L3D2	59	75.6148765266	103	26	Dendrite	266.484131389,
L3D2	88	118.891874487	10	39	ApicalDendrite	299.040867166,
L3D2	96	93.4942882318	10	26	ApicalDendrite	210.230766973,
L3D2	112	129.152422072	22	10	ApicalDendrite	234.557921836,
L3D2	115	105.258301958	21	4	ApicalDendrite	293.756487012,
L3D2	139	156.560670001	14	99	ApicalDendrite	235.229274108,
L3D2	205	136.059527745	41	19	ApicalDendrite	225.217121039,
L3D2	223	69.9097332019	121	12	Dendrite	248.415951254,
L3D2	285	303.79648153	36	51	ApicalDendrite	285.525366237,
L3D2	299	98.8730993394	67	6	Dendrite	225.217121039,
L3D2	317	94.2599938847	69	13	Dendrite	266.484131389,
L3D2	353	63.9936332531	127	10	Dendrite	285.525366237,
L3D2	377	74.357889185	124	23	Dendrite	255.803469888,
L3D2	386	59.4676127899	128	8	Dendrite	266.484131389,
L3D2	432	66.2695603131	40	3	ApicalDendrite	235.229274108,
L3D2	436	90.419570004	42	4	ApicalDendrite	285.525366237,
L3D2	438	152.986656901	20	23	ApicalDendrite	234.557921836,
L3D2	507	136.801838894	60	50	Dendrite	210.230766973,
L3D2	530	106.991571569	60	38	Dendrite	225.217121039,
L3D2	543	70.6263682628	92	3	Dendrite	210.230766973,
L3D2	557	63.7651915093	65	6	Dendrite	235.229274108,
L3D2	560	43.6617052152	107	5	Dendrite	235.229274108,
L3D2	562	66.0214444986	91	2	Dendrite	235.229274108,
L3D2	569	61.3187555756	97	8	Dendrite	235.465013084,
L3D2	579	60.3832100224	90	8	Dendrite	234.557921836,
L3D2	641	87.6378453262	113	15	Dendrite	235.465013084,
L3D2	645	89.2334557397	68	1	Dendrite	235.465013084,
L3D2	691	27.1332862335	7	0	ApicalDendrite	225.217121039,
L3D2	715	39.5658035938	51	2	Dendrite	210.230766973,
L3D2	721	40.2104545952	124	1	Dendrite	235.229274108,
L3D2	722	40.5734958341	60	7	Dendrite	234.557921836,
L3D2	765	170.694880837	28	8	ApicalDendrite	248.415951254,
L3D2	774	135.693070859	26	3	ApicalDendrite	235.465013084,
L3D2	779	44.3144259753	76	7	Dendrite	235.229274108,
L3D2	803	44.8081264448	63	6	Dendrite	255.803469888,
L3D2_ongoing	168	105.793246755	129	31	Dendrite	60.6812600742,
L3D2_ongoing	298	107.324273862	68	9	Dendrite	197.182731013,
L3D2_ongoing	359	44.9249818803	126	9	Dendrite	109.418945402,
L3D2_ongoing	366	44.9249818803	128	0	Dendrite	21.6702601509,
L3D2_ongoing	368	60.9973827665	127	8	Dendrite	9.35618656031,
L3D2_ongoing	370	102.547432423	4	13	ApicalDendrite	230.196682156,
L3D2_ongoing	600	32.7522041296	117	4	Dendrite	128.945900953,
L3D2_ongoing	720	52.7017297335	53	6	Dendrite	21.1641538454,
L3D2_ongoing	747	194.96105513	32	19	ApicalDendrite	145.689745214,
L3D2_ongoing	802	64.7453594589	44	7	ApicalDendrite	31.3155894858,
L4pyD1_ongoing	3	260.756548306	29	52	ApicalDendrite	10.2136153826,
L4pyD2	8	132.043103239	13	36	ApicalDendrite	236.568784833,
L4pyD2	40	100.815359305	87	10	Dendrite	230.927780307,
L4pyD2	54	65.0629558275	75	8	Dendrite	280.913103288,
L4pyD2	70	59.1134844648	3	16	ApicalDendrite	271.166768145,
L4pyD2	91	85.6409907258	5	8	ApicalDendrite	280.913103288,
L4pyD2	111	47.8661064599	50	5	Dendrite	236.568784833,
L4pyD2	135	95.481805703	18	6	ApicalDendrite	236.568784833,
L4pyD2	183	53.3590592307	131	2	Dendrite	230.927780307,
L4pyD2	224	55.7096676279	9	7	ApicalDendrite	280.913103288,
L4pyD2	226	30.1737101571	7	2	ApicalDendrite	230.927780307,
L4pyD2	232	31.4909270932	52	2	Dendrite	271.166768145,
L4pyD2	235	0.0	122	0	Dendrite	280.913103288,
L4pyD2_ongoing	3	110.983119376	51	29	Dendrite	74.3963325437,193.431933209,
L4pyD2_ongoing	29	353.372037336	24	63	ApicalDendrite	166.735060795,
L4pyD2_ongoing	30	362.343142121	24	69	ApicalDendrite	176.609270759,
L4pyD2_ongoing	59	87.9312784469	74	15	Dendrite	230.892825063,
L4pyD2_ongoing	80	243.70522968	29	43	ApicalDendrite	100.065387892,
L4pyD2_ongoing	173	79.6700036122	47	26	Dendrite	236.561857625,
L4spD1	13	107.161188411	104	35	Dendrite	217.628519405,
L4spD1	16	38.3790535898	55	20	Dendrite	223.03550821,
L4spD1	18	61.3730833543	53	10	Dendrite	212.719387474,
L4spD1	19	68.8800786514	54	13	Dendrite	213.330934842,
L4spD1	20	66.9545064538	54	12	Dendrite	210.8083905,
L4spD1	21	68.7199532318	53	13	Dendrite	212.312900154,
L4spD1	24	127.214005667	75	41	Dendrite	210.8083905,
L4spD1	25	97.3766167801	74	20	Dendrite	212.312900154,
L4spD1	30	106.560453774	74	27	Dendrite	212.719387474,
L4spD1	37	107.060337853	75	31	Dendrite	212.312900154,
L4spD1	39	125.621917375	74	37	Dendrite	213.330934842,
L4spD1	43	111.43428536	74	30	Dendrite	223.03550821,
L4spD2	10	107.211288244	10	33	ApicalDendrite	219.469712574,
L4spD2	12	130.214117367	9	42	ApicalDendrite	244.110583867,
L4spD2	17	198.083357086	22	47	ApicalDendrite	264.857132187,
L4spD2	25	137.653008385	104	48	Dendrite	265.027071522,
L4spD2	38	69.8533438086	60	22	Dendrite	262.065374139,
L4spD2	41	99.8958017544	60	36	Dendrite	236.084381421,
L4spD2	48	104.028916023	60	37	Dendrite	264.912397765,
L4spD2	65	159.231313923	4	35	ApicalDendrite	264.857132187,
L4spD2	75	53.5880044587	129	12	Dendrite	219.469712574,
L4spD2	76	61.7084444334	103	17	Dendrite	236.084381421,
L4spD2	83	63.3154488356	131	6	Dendrite	262.065374139,
L4spD2	102	105.098307153	124	36	Dendrite	219.469712574,
L4spD2	108	159.808449741	18	32	ApicalDendrite	262.065374139,
L4spD2	126	91.4094987405	123	25	Dendrite	264.857132187,
L4spD2	147	59.4676127899	128	8	Dendrite	236.084381421,
L4spD2	149	53.1050667608	128	5	Dendrite	262.065374139,
L4spD2	177	113.564008156	53	34	Dendrite	265.027071522,
L4spD2	178	88.3545493649	51	20	Dendrite	262.065374139,
L4spD2	188	361.318092699	37	15	ApicalDendrite	262.065374139,
L4spD2	199	356.913112922	37	13	ApicalDendrite	265.027071522,
L4spD2	219	149.801790587	60	53	Dendrite	264.912397765,
L4spD2	228	58.0389636365	50	9	Dendrite	264.857132187,
L4spD2	230	99.6098321125	121	27	Dendrite	244.110583867,
L4spD2	234	93.1346831333	121	23	Dendrite	244.110583867,
L4spD2	240	73.6178189735	50	17	Dendrite	236.084381421,
L4spD2_ongoing	14	112.766684281	10	36	ApicalDendrite	31.3059031904,
L4spD2_ongoing	31	75.0117043921	132	9	Dendrite	26.9195695806,
L4spD2_ongoing	228	58.0389636365	50	9	Dendrite	210.426752164,
L4spD2_ongoing	241	60.5148485001	121	9	Dendrite	67.9210403589,
L4ssD1	2	317.226608724	29	76	ApicalDendrite	240.266394442,
L4ssD1	3	306.204682097	29	70	ApicalDendrite	254.630374951,
L4ssD1	8	110.241442492	103	43	Dendrite	210.758220826,
L4ssD1	9	145.419875752	4	29	ApicalDendrite	215.209229847,
L4ssD1	12	71.8798766426	129	19	Dendrite	212.578308242,
L4ssD1	14	121.642083689	124	41	Dendrite	210.581691614,
L4ssD1	16	127.272215244	123	37	Dendrite	247.489183165,
L4ssD1	19	136.801838894	60	50	Dendrite	210.856309879,
L4ssD1	23	127.040050862	60	47	Dendrite	214.674377478,
L4ssD1	29	169.608451423	60	54	Dendrite	216.644403858,
L4ssD1	33	98.0347675715	60	35	Dendrite	233.634268174,
L4ssD1	36	156.130233344	18	30	ApicalDendrite	235.816987524,
L4ssD1	41	126.6885269	18	18	ApicalDendrite	210.356243206,
L4ssD1	45	168.351494038	9	62	ApicalDendrite	229.181468511,
L4ssD1	49	155.587547581	9	54	ApicalDendrite	212.387469364,
L4ssD1	52	117.349733478	42	11	ApicalDendrite	250.126780283,
L4ssD1	57	53.9779221568	60	14	Dendrite	213.243566911,
L4ssD1	62	3.83907389011	100	2	Dendrite	215.179783224,
L4ssD1	73	0.0	1	0	ApicalDendrite	361.854571267,
L4ssD1	75	0.0	60	0	Dendrite	210.083153802,
L4ssD1	76	47.8737503581	9	4	ApicalDendrite	247.489183165,
L4ssD1	81	54.7969752613	53	7	Dendrite	210.356243206,
L4ssD1	86	80.21965325	10	18	ApicalDendrite	210.671812907,
L4ssD1	88	118.891874487	10	39	ApicalDendrite	233.079661788,
L4ssD1	89	78.5708518844	44	13	ApicalDendrite	233.634268174,
L4ssD1	91	56.6054601502	78	3	Dendrite	214.674377478,
L4ssD1	97	65.0029427817	55	51	Dendrite	210.083153802,
L4ssD1	103	118.928517005	88	31	Dendrite	210.671812907,
L4ssD1	104	134.494200725	45	32	ApicalDendrite	254.630374951,
L4ssD1	117	122.169952228	127	29	Dendrite	210.083153802,
L4ssD1	121	82.8212945552	5	7	ApicalDendrite	215.179783224,
L4ssD1	127	116.506843302	131	31	Dendrite	210.356243206,
L4ssD1	129	114.066661673	131	30	Dendrite	235.816987524,
L4ssD1	133	188.110632182	35	25	ApicalDendrite	210.758220826,
L4ssD1	134	249.35380681	39	15	ApicalDendrite	212.578308242,
L4ssD1	140	193.869308269	35	27	ApicalDendrite	210.356243206,
L4ssD1	142	67.8874301278	9	12	ApicalDendrite	247.489183165,
L4ssD1	143	61.0027577577	3	17	ApicalDendrite	215.209229847,
L4ssD1	146	397.406232873	29	104	ApicalDendrite	254.630374951,
L4ssD1	147	382.857192195	29	99	ApicalDendrite	210.356243206,
L4ssD1_ongoing	54	14.7002544488	125	4	Dendrite	117.23656804,
L4ssD1_ongoing	55	2.27272556751	115	1	Dendrite	18.8938301027,
L4ssD1_ongoing	58	49.0250134893	54	4	Dendrite	94.3016119329,
L4ssD1_ongoing	114	91.3363982674	131	20	Dendrite	141.987886643,
L4ssD2	3	95.0629548142	103	36	Dendrite	250.016434637,
L4ssD2	34	23.8985196689	118	0	Dendrite	287.018055306,
L4ssD2	37	31.5045935726	119	7	Dendrite	219.574575536,
L4ssD2	59	22.9005181163	106	2	Dendrite	216.840323378,
L4ssD2	65	110.983119376	51	29	Dendrite	265.976105553,
L4ssD2	70	193.832062418	45	55	ApicalDendrite	262.314095555,
L4ssD2	71	147.113375225	45	39	ApicalDendrite	253.858325918,
L4ssD2	84	168.912570179	88	64	Dendrite	277.501314747,
L4ssD2	122	96.2191627225	118	34	Dendrite	217.017848742,
L4ssD2	151	112.448117552	105	43	Dendrite	262.314095555,
L4ssD2	175	79.4357917325	74	11	Dendrite	287.018055306,
L4ssD2	207	67.6343254478	104	16	Dendrite	216.840323378,
L4ssD2	209	33.9076357184	102	4	Dendrite	216.840323378,
L4ssD2	291	58.328658536	10	9	ApicalDendrite	262.314095555,
L4ssD2	298	41.7857197118	51	3	Dendrite	216.840323378,
L4ssD2	299	36.5106772253	122	6	Dendrite	216.840323378,
L4ssD2	324	38.1536337945	9	1	ApicalDendrite	219.574575536,
L4ssD2	339	123.367166937	131	34	Dendrite	287.018055306,
L4ssD2	342	130.664821487	131	38	Dendrite	216.840323378,
L4ssD2	349	43.1057133046	55	26	Dendrite	262.314095555,
L4ssD2	382	50.6725681841	3	12	ApicalDendrite	262.314095555,
L4ssD2	398	68.5387108121	128	12	Dendrite	250.016434637,
L4ssD2	399	36.2185960782	7	5	ApicalDendrite	216.840323378,
L4ssD2	410	94.1054301131	4	9	ApicalDendrite	277.501314747,
L4ssD2	420	92.9844837309	5	10	ApicalDendrite	277.501314747,
L4ssD2	429	75.1943134543	5	4	ApicalDendrite	277.501314747,
L4ssD2	431	114.456789471	5	19	ApicalDendrite	265.976105553,
L4ssD2	443	95.1891819482	131	22	Dendrite	265.976105553,
L4ssD2	447	105.098307153	124	36	Dendrite	219.574575536,
L4ssD2	463	107.675036682	127	24	Dendrite	262.314095555,
L4ssD2	469	102.262989804	127	21	Dendrite	262.314095555,
L4ssD2	472	99.3725042878	5	13	ApicalDendrite	219.574575536,
L4ssD2	473	122.169952228	127	29	Dendrite	250.016434637,
L4ssD2	480	104.233750276	127	22	Dendrite	287.018055306,
L4ssD2	485	82.9067119619	13	13	ApicalDendrite	262.314095555,
L4ssD2	489	81.4671808469	14	28	ApicalDendrite	216.840323378,
L4ssD2	494	66.6203064885	88	6	Dendrite	262.314095555,
L4ssD2	519	112.688051468	60	40	Dendrite	250.016434637,
L4ssD2	524	85.9414402777	60	29	Dendrite	265.976105553,
L4ssD2	541	171.979470052	9	65	ApicalDendrite	250.016434637,
L4ssD2	551	90.7109060234	114	12	Dendrite	287.018055306,
L4ssD2	567	101.197232567	123	29	Dendrite	262.314095555,
L4ssD2	571	77.1195459219	123	19	Dendrite	219.574575536,
L4ssD2	577	132.166909302	20	13	ApicalDendrite	250.016434637,
L4ssD2	588	79.0838795071	19	0	ApicalDendrite	287.018055306,
L4ssD2	669	140.124628391	99	34	Dendrite	217.017848742,
L4ssD2	682	193.770398365	28	19	ApicalDendrite	287.018055306,
L4ssD2	684	137.653008385	104	48	Dendrite	262.314095555,
L4ssD2_ongoing	110	84.9762823372	121	19	Dendrite	4.73520996345,
L4ssD2_ongoing	358	50.210257587	76	11	Dendrite	147.446588645,
L4ssD2_ongoing	368	48.4409484579	123	7	Dendrite	223.010805198,
L4ssD2_ongoing	376	49.9471210947	124	9	Dendrite	191.165995841,
L4ssD2_ongoing	383	61.5087298233	9	9	ApicalDendrite	21.3899495656,
L4ssD2_ongoing	474	69.3317832187	123	16	Dendrite	196.489869838,
L4ssD2_ongoing	569	80.0252173756	123	20	Dendrite	117.039267252,
L4ssD2_ongoing	583	81.4473584511	41	1	ApicalDendrite	49.0841056666,
L4ssD2_ongoing	604	84.5631444747	59	20	Dendrite	25.7997944919,
L4ssD2_ongoing	652	182.074629288	44	47	ApicalDendrite	129.641493283,
L4ssD2_ongoing	687	121.642083689	124	41	Dendrite	27.3505436876,
L5stD1	23	80.3404303481	118	24	Dendrite	440.483915046,
L5stD1	28	87.3386678155	50	22	Dendrite	213.665176393,
L5stD1	34	78.8004099167	124	26	Dendrite	211.847968286,
L5stD1	36	120.002974553	127	28	Dendrite	223.432377493,
L5stD1	46	82.4638983269	124	28	Dendrite	256.692104341,
L5stD1	50	95.1891819482	131	22	Dendrite	218.797438583,
L5stD1	88	135.285672879	71	11	Dendrite	224.800775471,
L5stD1	119	79.4736583764	103	28	Dendrite	226.154940479,
L5stD1	138	117.713748785	60	43	Dendrite	214.225250603,
L5stD1	148	82.6469521041	44	15	ApicalDendrite	213.96109224,
L5stD1	159	76.9221029947	51	15	Dendrite	210.209844013,
L5stD1	163	80.7271163094	54	18	Dendrite	219.233076366,
L5stD1	170	65.3928994025	51	11	Dendrite	221.493782152,
L5stD1	205	35.8683847908	8	3	ApicalDendrite	212.041281258,
L5stD1	210	29.4466238478	49	1	Dendrite	225.245351483,
L5stD1	233	28.1814314739	130	8	Dendrite	211.109132495,
L5stD1	235	58.328658536	10	9	ApicalDendrite	216.355979655,
L5stD1	265	45.3608382212	53	2	Dendrite	212.257415134,
L5stD1	268	52.7017297335	53	6	Dendrite	210.346006632,
L5stD1	329	321.966331636	85	11	Dendrite	211.642102479,
L5stD1	350	300.534702993	36	49	ApicalDendrite	214.363251906,
L5stD1	362	227.678064227	24	0	ApicalDendrite	213.432659268,
L5stD1	364	223.839077415	44	58	ApicalDendrite	218.956680929,
L5stD1	384	83.1097913939	56	18	Dendrite	259.840373202,
L5stD1	402	343.99949933	86	19	Dendrite	218.314436565,
L5stD1	426	172.178521146	32	3	ApicalDendrite	213.103434356,
L5stD1	457	105.611159128	113	24	Dendrite	224.996950117,
L5stD1	506	209.48476419	58	33	Dendrite	210.200844656,
L5stD1	519	118.22597774	50	35	Dendrite	210.941127845,
L5stD1	563	161.198918795	75	58	Dendrite	212.464020493,
L5stD1	574	128.710199177	71	8	Dendrite	233.11256054,
L5stD1	578	102.287929073	68	7	Dendrite	217.356997229,
L5stD1	581	80.3618851485	117	27	Dendrite	216.020736901,
L5stD1	589	113.443191956	70	28	Dendrite	262.790078452,
L5stD1	597	78.5191688665	70	12	Dendrite	1941.84240541,
L5stD1	628	150.856699463	5	30	ApicalDendrite	250.812714141,
L5stD1	638	220.282608927	20	54	ApicalDendrite	237.424242965,
L5stD1	680	62.1520415281	3	18	ApicalDendrite	212.047714392,
L5stD1	716	118.466774212	77	31	Dendrite	213.460040959,
L5stD1	724	172.830215117	60	56	Dendrite	212.29940134,
L5stD1	727	123.083750426	60	46	Dendrite	217.328573761,
L5stD1	734	154.495980975	44	40	ApicalDendrite	440.483915046,
L5stD1	740	45.4039792892	55	29	Dendrite	217.356997229,
L5stD1	847	85.2412585425	51	19	Dendrite	213.665176393,
L5stD1	849	298.778455932	33	16	ApicalDendrite	210.209844013,
L5stD1	865	90.6439260554	9	23	ApicalDendrite	211.642102479,
L5stD1	875	71.7663040291	9	14	ApicalDendrite	256.692104341,
L5stD1	882	87.9000224333	9	22	ApicalDendrite	213.290685679,
L5stD1	897	107.954630743	131	28	Dendrite	262.790078452,
L5stD1	903	88.8775078807	111	9	Dendrite	213.290685679,
L5stD1	909	108.201510858	99	21	Dendrite	212.464020493,
L5stD1	947	102.822469902	21	2	ApicalDendrite	219.233076366,
L5stD1	954	400.799268089	23	83	ApicalDendrite	212.29940134,
L5stD1	979	157.708848575	84	45	Dendrite	223.432377493,
L5stD1	995	233.200742015	84	78	Dendrite	213.290685679,
L5stD1	1000	224.113065684	31	25	ApicalDendrite	259.840373202,
L5stD1	1006	229.463551525	31	28	ApicalDendrite	219.233076366,
L5stD1	1014	221.451068717	31	24	ApicalDendrite	212.464020493,
L5stD1	1016	238.473470867	31	31	ApicalDendrite	250.812714141,
L5stD1_ongoing	153	113.03272599	44	26	ApicalDendrite	60.3986682597,
L5stD1_ongoing	170	65.3928994025	51	11	Dendrite	20.8450873096,
L5stD1_ongoing	171	74.2459465001	54	15	Dendrite	140.993958405,
L5stD1_ongoing	222	38.1536337945	9	1	ApicalDendrite	214.787695933,
L5stD1_ongoing	262	28.2213925773	48	3	Dendrite	162.215193101,
L5stD1_ongoing	280	40.2905948528	123	1	Dendrite	128.472917852,
L5stD1_ongoing	312	46.4041023501	54	3	Dendrite	81.5309227561,
L5stD1_ongoing	334	97.1210772163	128	28	Dendrite	125.257361186,
L5stD1_ongoing	368	109.239615038	58	1	Dendrite	187.061830956,
L5stD1_ongoing	374	105.212330227	56	32	Dendrite	173.763295976,
L5stD1_ongoing	410	357.894941705	86	24	Dendrite	90.4686490538,
L5stD1_ongoing	445	261.877571285	36	24	ApicalDendrite	163.160829822,
L5stD1_ongoing	451	148.890879714	74	49	Dendrite	173.161651729,
L5stD1_ongoing	466	279.629535611	84	97	Dendrite	31.0189537938,
L5stD1_ongoing	473	89.1544439029	132	14	Dendrite	73.5673090023,
L5stD1_ongoing	490	57.2929768136	132	2	Dendrite	150.054020485,
L5stD1_ongoing	683	50.6725681841	3	12	ApicalDendrite	35.6025165372,
L5stD1_ongoing	706	70.4882546341	131	10	Dendrite	213.770648063,
L5stD1_ongoing	774	47.5222434529	16	9	ApicalDendrite	205.321075623,
L5stD1_ongoing	805	192.59870741	77	59	Dendrite	184.849866605,
L5stD1_ongoing	826	50.9921680856	118	12	Dendrite	66.5978252728,211.813213425,
L5stD1_ongoing	828	60.2415950789	118	16	Dendrite	39.0146467108,
L5stD1_ongoing	833	46.084239138	47	10	Dendrite	106.107475325,
L5stD1_ongoing	842	21.5680857062	125	7	Dendrite	127.00016419,
L5stD1_ongoing	867	118.891874487	10	39	ApicalDendrite	191.21472453,
L5stD1_ongoing	891	116.435328401	9	36	ApicalDendrite	74.7649000055,
L5stD1_ongoing	900	335.495923653	29	83	ApicalDendrite	201.273321263,
L5stD1_ongoing	955	369.362108177	23	70	ApicalDendrite	111.192331057,
L5stD1_ongoing	964	197.915442017	35	29	ApicalDendrite	17.1878546527,
L5stD1_ongoing	975	247.673570613	23	11	ApicalDendrite	179.231832492,
L5stD1_ongoing	998	227.884235603	84	75	Dendrite	211.862858607,
L5stD2	27	239.278323792	20	66	ApicalDendrite	243.934118383,
L5stD2	72	63.5150333699	103	18	Dendrite	271.093362635,
L5stD2	73	44.5038258279	103	3	Dendrite	268.460967274,
L5stD2	97	114.460771405	81	40	Dendrite	259.401826855,
L5stD2	99	116.137089871	81	41	Dendrite	238.604446075,
L5stD2	119	181.827723854	94	0	Dendrite	258.329647617,
L5stD2	124	238.34990657	36	11	ApicalDendrite	257.262069025,
L5stD2	197	55.4285379059	7	17	ApicalDendrite	220.660976334,
L5stD2	210	199.402420408	31	16	ApicalDendrite	284.020593491,
L5stD2	235	245.641745471	24	9	ApicalDendrite	224.677626649,
L5stD2	251	264.415914023	29	53	ApicalDendrite	270.798509546,
L5stD2	299	76.6006829108	74	10	Dendrite	224.677626649,
L5stD2	389	143.42013059	45	38	ApicalDendrite	220.660976334,
L5stD2	410	121.363091383	69	30	Dendrite	224.677626649,
L5stD2	432	114.292189675	104	38	Dendrite	257.262069025,
L5stD2	462	69.3326745096	132	7	Dendrite	270.798509546,
L5stD2	463	61.0655850069	60	19	Dendrite	257.262069025,
L5stD2	531	110.176619674	68	10	Dendrite	224.677626649,
L5stD2	554	274.19073317	36	31	ApicalDendrite	259.401826855,
L5stD2	571	84.0362254775	78	13	Dendrite	271.093362635,
L5stD2	605	142.142702401	71	14	Dendrite	243.934118383,
L5stD2	607	10.36989677	1	6	ApicalDendrite	238.604446075,
L5stD2	618	191.642773263	29	21	ApicalDendrite	268.460967274,
L5stD2	630	99.3163431121	78	20	Dendrite	220.660976334,
L5stD2_ongoing	93	90.3604551714	7	34	ApicalDendrite	27.1911867953,
L5stD2_ongoing	133	220.531657292	36	4	ApicalDendrite	206.689959913,
L5stD2_ongoing	218	100.815359305	87	10	Dendrite	9.77109580528,
L5stD2_ongoing	231	244.878065901	32	48	ApicalDendrite	29.4162975305,
L5stD2_ongoing	252	252.443800299	29	47	ApicalDendrite	116.532615443,
L5stD2_ongoing	300	154.205921851	75	55	Dendrite	182.416677106,
L5stD2_ongoing	344	119.938901157	14	66	ApicalDendrite	3.56635832842,
L5stD2_ongoing	370	152.478100589	88	46	Dendrite	249.624666859,
L5stD2_ongoing	372	120.572236689	14	67	ApicalDendrite	158.176072296,
L5stD2_ongoing	389	143.42013059	45	38	ApicalDendrite	238.598708909,
L5stD2_ongoing	446	383.066826659	38	20	ApicalDendrite	91.7005388517,
L5stD2_ongoing	468	110.022204588	60	39	Dendrite	17.498372518,
L5stD2_ongoing	477	172.830215117	60	56	Dendrite	82.0560096982,
L5stD2_ongoing	503	78.5191688665	70	12	Dendrite	181.453657136,
L5stD2_ongoing	509	80.3618851485	117	27	Dendrite	180.826017926,
L5stD2_ongoing	540	84.0437027117	70	14	Dendrite	34.3032454786,
L5stD2_ongoing	574	42.3430293503	16	6	ApicalDendrite	117.64928348,
L5stD2_ongoing	614	49.0250134893	54	4	Dendrite	93.3229489262,
L5stD2_ongoing	619	209.880116814	29	28	ApicalDendrite	159.342053132,
L5stD2_ongoing	625	213.037439856	29	30	ApicalDendrite	159.675405456,
L5stD2_ongoing	640	76.7194405393	17	9	ApicalDendrite	210.865824516,
L5ttD2	0	114.678147013	50	33	Dendrite	265.65910382,
L5ttD2	2	116.89443282	50	34	Dendrite	275.091982837,
L5ttD2	3	113.763790607	51	30	Dendrite	233.648061383,
L5ttD2	4	127.273515879	51	34	Dendrite	213.457795006,
L5ttD2	7	21.7664032519	11	4	ApicalDendrite	280.88779387,
L5ttD2	8	34.8018907852	55	17	Dendrite	248.599903318,
L5ttD2	9	61.8871734119	78	5	Dendrite	216.782140894,
L5ttD2	11	50.3333290849	55	33	Dendrite	273.716306876,
L5ttD2	12	60.3839226723	55	43	Dendrite	291.5903336,
L5ttD2	17	22.7669392176	61	5	Dendrite	298.5592682,
L5ttD2	25	29.8000383812	79	3	Dendrite	293.612223512,
L5ttD2	26	48.764984735	55	31	Dendrite	221.600777865,
L5ttD2	29	80.646721948	44	14	ApicalDendrite	260.911693783,
L5ttD2	33	54.1254059152	55	38	Dendrite	234.96268247,
L5ttD2	40	42.0080013146	55	24	Dendrite	219.901238731,
L5ttD2	41	46.4807129925	73	1	Dendrite	292.239922904,
L5ttD2	49	64.2910218974	55	48	Dendrite	274.492176128,
L5ttD2	51	40.9994038491	76	5	Dendrite	290.854608553,
L5ttD2	52	15.5828220271	11	1	ApicalDendrite	246.226133054,
L5ttD2	59	56.6054601502	78	3	Dendrite	215.951321737,
L5ttD2	68	35.9235493004	89	1	Dendrite	269.445777505,
L5ttD2	71	17.989500336	55	7	Dendrite	282.768540186,
L5ttD2	76	38.0271344125	63	2	Dendrite	271.027890809,
L5ttD2	77	27.8472343765	12	2	ApicalDendrite	214.557203063,
L5ttD2	80	54.8192994655	70	0	Dendrite	234.098661955,
L5ttD2	82	38.4511323723	16	3	ApicalDendrite	287.801046801,
L5ttD2	84	67.535666753	83	6	Dendrite	253.134230205,
L5ttD2	85	72.875719125	45	10	ApicalDendrite	291.603108289,
L5ttD2	95	64.1452500458	83	5	Dendrite	245.772240638,
L5ttD2	96	56.3620036842	83	1	Dendrite	251.570418634,
L5ttD2	97	17.9982504717	61	3	Dendrite	232.140537902,
L5ttD2	98	35.6057452349	16	1	ApicalDendrite	271.891018713,
L5ttD2	106	86.8433477723	105	29	Dendrite	260.431189141,
L5ttD2	110	44.700049761	105	6	Dendrite	241.932637523,
L5ttD2	114	59.297069398	129	14	Dendrite	219.500592036,
L5ttD2	115	39.4339110594	104	2	Dendrite	245.293301755,
L5ttD2	117	67.1848597515	103	21	Dendrite	271.027890809,
L5ttD2	118	47.1459638947	129	9	Dendrite	293.612223512,
L5ttD2	121	62.7544002083	105	16	Dendrite	273.716306876,
L5ttD2	122	85.5937138568	105	28	Dendrite	260.431189141,
L5ttD2	126	37.6925957022	129	4	Dendrite	216.782140894,
L5ttD2	128	37.9075289154	105	4	Dendrite	298.5592682,
L5ttD2	129	79.4736583764	103	28	Dendrite	271.891018713,
L5ttD2	130	33.6535918248	126	4	Dendrite	234.098661955,
L5ttD2	131	29.1277615581	105	1	Dendrite	218.132381506,
L5ttD2	137	51.4160771581	129	11	Dendrite	216.782140894,
L5ttD2	138	68.5209728016	105	20	Dendrite	214.557203063,
L5ttD2	140	61.7084444334	103	17	Dendrite	236.333367866,
L5ttD2	144	61.6366831024	129	15	Dendrite	213.457795006,
L5ttD2	145	84.8830839421	105	27	Dendrite	236.333367866,
L5ttD2	148	53.9603664654	103	11	Dendrite	287.801046801,
L5ttD2	150	77.2860199261	104	21	Dendrite	233.648061383,
L5ttD2	153	93.011365381	105	36	Dendrite	269.445777505,
L5ttD2	154	55.8406555084	129	13	Dendrite	298.279109492,
L5ttD2	159	115.158667798	41	11	ApicalDendrite	215.951321737,
L5ttD2	160	103.997266771	42	8	ApicalDendrite	260.431189141,
L5ttD2	162	118.790713839	41	12	ApicalDendrite	219.901238731,
L5ttD2	163	62.4693461893	17	1	ApicalDendrite	291.5903336,
L5ttD2	164	147.117528175	20	20	ApicalDendrite	213.457795006,
L5ttD2	165	95.6610074606	41	6	ApicalDendrite	232.140537902,
L5ttD2	167	113.042583775	18	12	ApicalDendrite	273.831080585,
L5ttD2	168	98.7729250536	41	7	ApicalDendrite	233.648061383,
L5ttD2	171	79.0838795071	19	0	ApicalDendrite	234.96268247,
L5ttD2	172	116.854143502	20	7	ApicalDendrite	234.96268247,
L5ttD2	177	101.516258899	78	21	Dendrite	245.772240638,
L5ttD2	178	117.349733478	42	11	ApicalDendrite	234.96268247,
L5ttD2	179	104.321138745	18	9	ApicalDendrite	260.431189141,
L5ttD2	180	134.860214794	20	14	ApicalDendrite	275.091982837,
L5ttD2	181	56.5599494979	16	13	ApicalDendrite	245.293301755,
L5ttD2	186	126.280518453	20	11	ApicalDendrite	245.293301755,
L5ttD2	188	107.825757805	78	25	Dendrite	271.027890809,
L5ttD2	189	92.7999113279	42	5	ApicalDendrite	218.132381506,
L5ttD2	192	65.5255244534	17	3	ApicalDendrite	260.431189141,
L5ttD2	195	119.564066696	20	9	ApicalDendrite	280.88779387,
L5ttD2	199	159.116214846	20	26	ApicalDendrite	293.612223512,
L5ttD2	201	159.116214846	20	26	ApicalDendrite	259.785959672,
L5ttD2	207	106.477984796	118	38	Dendrite	216.782140894,
L5ttD2	208	138.955828992	118	51	Dendrite	245.293301755,
L5ttD2	216	102.78719843	129	30	Dendrite	219.500592036,
L5ttD2	217	99.6842339073	129	29	Dendrite	275.091982837,
L5ttD2	218	136.217506327	131	41	Dendrite	280.88779387,
L5ttD2	219	142.036747606	131	44	Dendrite	271.891018713,
L5ttD2	223	110.589211097	131	29	Dendrite	260.911693783,
L5ttD2	235	61.3187555756	98	0	Dendrite	218.132381506,
L5ttD2	236	47.4679328524	109	2	Dendrite	291.603108289,
L5ttD2	237	37.3194489991	89	2	Dendrite	280.88779387,
L5ttD2	238	59.0012156227	65	3	Dendrite	271.027890809,
L5ttD2	239	67.6109361027	113	5	Dendrite	274.492176128,
L5ttD2	240	32.5486165256	106	6	Dendrite	251.570418634,
L5ttD2	242	90.7457873721	67	2	Dendrite	236.333367866,
L5ttD2	249	65.311207277	109	12	Dendrite	259.785959672,
L5ttD2	250	38.0947960996	107	1	Dendrite	282.768540186,
L5ttD2	252	70.6263682628	92	3	Dendrite	214.557203063,
L5ttD2	254	46.8837013446	107	7	Dendrite	213.457795006,
L5ttD2	256	53.8008926423	112	4	Dendrite	291.5903336,
L5ttD2	257	71.6345089257	66	3	Dendrite	282.768540186,
L5ttD2	258	64.3645660135	70	5	Dendrite	273.831080585,
L5ttD2	262	45.265335482	112	0	Dendrite	291.5903336,
L5ttD2	267	86.7670513255	66	12	Dendrite	298.5592682,
L5ttD2	268	50.1099104381	109	4	Dendrite	298.5592682,
L5ttD2	270	20.3249628503	106	1	Dendrite	282.768540186,
L5ttD2	272	27.0036146254	118	1	Dendrite	214.557203063,
L5ttD2	273	44.1655378441	118	9	Dendrite	236.333367866,
L5ttD2	275	62.7353152113	118	17	Dendrite	236.333367866,
L5ttD2	277	14.0543742331	100	6	Dendrite	216.782140894,
L5ttD2	278	26.9989845256	126	0	Dendrite	245.772240638,
L5ttD2	280	92.9687366673	131	21	Dendrite	251.570418634,
L5ttD2	281	107.675036682	127	24	Dendrite	260.911693783,
L5ttD2	286	119.603541198	5	22	ApicalDendrite	246.226133054,
L5ttD2	288	107.990535286	5	16	ApicalDendrite	219.500592036,
L5ttD2	290	85.6409907258	5	8	ApicalDendrite	219.901238731,
L5ttD2	291	76.9169827594	124	25	Dendrite	246.226133054,
L5ttD2	292	112.793921454	127	26	Dendrite	245.772240638,
L5ttD2	295	65.030376709	131	7	Dendrite	213.457795006,
L5ttD2	298	124.451778822	127	30	Dendrite	271.027890809,
L5ttD2	307	253.932539465	36	20	ApicalDendrite	216.782140894,
L5ttD2	324	238.209907672	39	10	ApicalDendrite	298.5592682,
L5ttD2_ongoing	27	45.9301766225	76	8	Dendrite	155.910089129,
L5ttD2_ongoing	58	49.5347540913	74	0	Dendrite	66.7545103563,
L5ttD2_ongoing	63	75.0512402788	77	12	Dendrite	18.1124766387,
L5ttD2_ongoing	64	47.5222434529	16	9	ApicalDendrite	135.041611988,
L5ttD2_ongoing	67	73.6827395435	44	11	ApicalDendrite	7.61491924542,
L5ttD2_ongoing	73	50.4540895591	45	1	ApicalDendrite	45.1590445019,
L5ttD2_ongoing	76	38.0271344125	63	2	Dendrite	93.9713250462,
L5ttD2_ongoing	88	27.853873886	79	2	Dendrite	179.752704075,
L5ttD2_ongoing	110	44.700049761	105	6	Dendrite	143.807147735,
L5ttD2_ongoing	111	80.1872730709	105	25	Dendrite	221.814023263,
L5ttD2_ongoing	122	85.5937138568	105	28	Dendrite	107.437371493,
L5ttD2_ongoing	123	90.0603298293	104	26	Dendrite	26.3105727968,199.699601528,
L5ttD2_ongoing	129	79.4736583764	103	28	Dendrite	47.846804141,
L5ttD2_ongoing	142	69.8945642055	129	18	Dendrite	140.009681105,
L5ttD2_ongoing	155	47.5177885975	105	8	Dendrite	224.138202423,
L5ttD2_ongoing	167	113.042583775	18	12	ApicalDendrite	219.399426088,
L5ttD2_ongoing	169	142.949834604	20	17	ApicalDendrite	49.3483856426,
L5ttD2_ongoing	195	119.564066696	20	9	ApicalDendrite	39.3593963659,
L5ttD2_ongoing	196	118.625965963	20	8	ApicalDendrite	78.6982519459,
L5ttD2_ongoing	197	124.571981131	42	13	ApicalDendrite	156.784617111,
L5ttD2_ongoing	208	138.955828992	118	51	Dendrite	86.8919061375,
L5ttD2_ongoing	214	89.5392078325	118	30	Dendrite	214.787944559,
L5ttD2_ongoing	223	110.589211097	131	29	Dendrite	114.803624251,
L5ttD2_ongoing	226	217.654652157	32	35	ApicalDendrite	48.2678302024,
L5ttD2_ongoing	240	32.5486165256	106	6	Dendrite	229.128676997,
L5ttD2_ongoing	242	90.7457873721	67	2	Dendrite	188.234902645,
L5ttD2_ongoing	277	14.0543742331	100	6	Dendrite	138.933273999,
L5ttD2_ongoing	281	107.675036682	127	24	Dendrite	2.78627079414,
L5ttD2_ongoing	290	85.6409907258	5	8	ApicalDendrite	217.673664281,
L5ttD2_ongoing	306	287.353806843	31	47	ApicalDendrite	181.189102893,
L5ttD2_ongoing	317	255.670380205	31	37	ApicalDendrite	58.649069609,
L5ttD2_ongoing	324	238.209907672	39	10	ApicalDendrite	108.352123802,
